-0.4 -0.5
0.4 -0.2
0.4 -0.7
1.5 -0.4
0.9 0.1
1.6 0.8
0.5 0.5
0.2 1
0.1 0.4
-0.7 0.7
0.400000000074107 -0.613078814009363
0.515017882738016 -0.668631486570173
0.400000000058375 -0.528917865023516
0.521277634640067 -0.556684205263752
0.746572386741598 -0.605480258239082
0.996555561910757 -0.537303028785218
1.12268186602327 -0.502904945337762
-0.424212487216532 -0.403150050859268
0.400000000006309 -0.449241770707458
0.54389123669053 -0.450399224271957
0.62771577616209 -0.637895697486264
0.870419946535291 -0.571703650382788
1.03167406554178 -0.424844479992435
1.24850230042437 -0.468590281373133
-0.300448456678434 -0.358124014267816
-0.302611469267142 -0.463479301044367
-0.197215341322006 -0.423955752973595
0.40000000011408 -0.368182502128027
0.646295695845199 -0.525692728376384
0.775511877094427 -0.49449296253732
0.904919914279403 -0.460836769076867
1.1566007258368 -0.388903045504816
1.3741121350301 -0.434333053917768
-0.447864637600978 -0.308541448626944
-0.356549912377112 -0.278840828952908
-0.187264471860391 -0.308804013176003
-0.0926086804263239 -0.384728254913366
0.0124386095270465 -0.345335521175058
0.117297800810767 -0.306013324625875
0.400000000082888 -0.281413371446366
0.504650054627597 -0.35257778118156
0.680963542731355 -0.4196470629032
0.813771006059808 -0.386232369375824
0.940017784489784 -0.348451013406371
1.27955160283704 -0.352972094992792
-0.472215612660409 -0.211137548917698
-0.367581718902257 -0.168333444864477
-0.261858651355615 -0.227781537432425
-0.0752227369450489 -0.267030799291315
0.044300404484198 -0.226301160732153
0.159778668292674 -0.178938138543915
0.215602113757846 -0.269149207252141
0.307312666054604 -0.234757750203652
0.522757680594938 -0.236528439571493
0.610895344981106 -0.333115404739812
0.852175672665844 -0.270294873697018
0.97214779766408 -0.232115045501548
1.06356278208265 -0.310493184070287
1.40039670525451 -0.316997254240726
-0.495771478355513 -0.116914086164264
-0.392031087763861 -0.0696398440557756
-0.161056042260743 -0.185166338260108
-0.0419016155804186 -0.156939860307316
0.0740862249114274 -0.111023369584919
0.273639184707503 -0.137482516911157
0.374969706892165 -0.0920190873217852
0.488711508061153 -0.114373405680966
0.586596026651869 -0.13083158978401
0.648923285875482 -0.222741824434878
0.732440622822359 -0.307807822906371
0.881759819311626 -0.152712467537591
0.994681236723754 -0.111544734450258
1.18386715257384 -0.272377415785714
-0.519659751869802 -0.0213609922173921
-0.424735344641655 0.0376966789859705
-0.26373087121811 -0.109174548233212
-0.132300197535611 -0.0799501343080186
-0.024095706445213 -0.044818449159529
0.199684687365479 -0.0625582723227749
0.31422457665222 -0.00731675642528267
0.456134492779852 -0.00644780405373749
0.583153827311158 -0.0111171999388487
0.685147489194493 -0.0953132262109337
0.794194154439844 -0.0725180857076296
0.76352421302817 -0.189812473465443
1.00393752469289 0.0133853970335183
1.08888613633482 -0.192015297262585
1.3014743045796 -0.234561920230119
-0.544777573277509 0.0791102934034737
-0.448301008637446 0.144995964529348
-0.311633332457779 0.00645933007240301
-0.203589469316666 -0.0109599598166485
-0.104214660261205 0.0492516127889333
0.0145065074741149 0.0548748062751956
0.101952722674001 -0.00709979503115139
0.2903107527904 0.10877580504878
0.399530544202445 0.0847144112870693
0.701397121926399 0.02055287701196
0.807262718280828 0.0437145848590721
0.877142506471421 0.206276500851223
0.903092767328969 -0.029294609143923
1.10415869709555 -0.0701322475300263
1.20298917810456 -0.152490981514603
-0.569829168632761 0.179316674677699
-0.472637769386988 0.248380370284485
-0.337057507837244 0.122569743237547
-0.223952345689469 0.094812424158523
-0.0205012599483005 0.147775618220875
0.111894534269144 0.116817227527875
0.203279757848734 0.0534472172905558
0.337192404811601 0.202196568762237
0.528122432046902 0.0910425460258207
0.649029195494116 0.111718284296328
0.768342722086473 0.148130584710768
0.804418030777386 0.278499445008677
0.944238521101244 0.424031251317393
0.944592156049156 0.307819978636429
0.992187395829494 0.19218739590502
-0.594853169251201 0.279412677851003
-0.365337772448067 0.241322321964904
-0.25458603094442 0.206201224200758
-0.137967949341022 0.163920730054554
-0.0577958379060332 0.248170817465389
0.0727815796283206 0.214702068425283
0.20494476331609 0.188431900764132
0.452935385454067 0.184555577543269
0.577654754556089 0.200978262861934
0.689688991181737 0.236092889587325
0.710415076477729 0.357199277593619
0.83454233541625 0.385761912973127
1.07722509803735 0.277225097583314
1.1679007162873 0.367900716482196
1.26005543914681 0.460055438654783
-0.620335972255667 0.381343890397578
-0.501281803292121 0.345220962822888
-0.398861497228453 0.361518129051624
-0.286145108861317 0.323134116100797
-0.173075538732057 0.280834007034788
0.0257010107514473 0.31587901312595
0.151491038019244 0.293878612773569
0.391728551396397 0.301814400052442
0.213272204172336 0.398230912557239
0.500005364298767 0.286495757383458
0.598388432591807 0.325228157518628
0.737589645147553 0.465976730259162
1.0496493180747 0.395044187197637
1.13883383774922 0.480405784965732
1.24426290404378 0.588915506362447
1.34976183662201 0.549761836131394
-0.645137640730516 0.480550564535482
-0.519205553909959 0.440626120955661
-0.31315609492366 0.439533131153253
-0.201336808106552 0.399488974541671
-0.0900979508614288 0.358980577881399
-0.0818096629078897 0.46817862344911
0.00854897614634645 0.434294133803681
0.268525459532841 0.29369471057212
0.249011317670966 0.495800459564285
0.336100887615378 0.396653412293789
0.604053499388939 0.433969145519861
0.639060010436535 0.53792545757091
0.866647895685275 0.505290214366304
1.00632378960755 0.522630157634277
1.12088350310156 0.578693325200518
1.43005402342788 0.630054023296738
-0.548529106017657 0.538544210531441
-0.424523368156243 0.4808780772028
-0.340325131885639 0.565121924161156
-0.251043313419997 0.531641242386447
-0.166959376977083 0.500109766080544
0.115915742397253 0.495494454407641
0.230355884349526 0.602325668196557
0.380249821924902 0.489054012067362
0.474612892588793 0.395661641859253
0.772958423415355 0.574443206799723
0.907534225189057 0.611145697347191
1.03058435886154 0.644704825351997
1.28838861627465 0.715015077064357
1.52010838919593 0.720108388802346
-0.670585341813479 0.582341367610498
-0.520316362819523 0.632618635923728
-0.431308731388518 0.599240774111739
0.13148493749853 0.58890962464683
0.330898752647039 0.594681478462653
0.442504978453777 0.59582503570585
1.16466317173214 0.68127177416456
1.4061564021066 0.747133563696314
-0.606415900723883 0.664905963541523
0.149225900145018 0.695355400980457
0.261683079307377 0.712030200816172
0.381631080914376 0.697281531340844
0.166322145624264 0.797932873790028
0.321623884199194 0.797293526177733
0.270020633119657 0.883298944183416
0.183251731183897 0.89951038722635