  0 195
  0 196
  0 197
  1  39
  1  40
  1  51
  1  52
  1  53
  1  64
  1  66
  1  67
  1 199
  1 200
  1 201
  1 203
  1 204
  1 205
  2 207
  2 208
  2 209
  3 211
  3 212
  3 213
  4  71
  4  83
  4  85
  4  97
  4  98
  4 100
  4 113
  4 215
  4 216
  4 217
  4 219
  4 220
  4 221
  5 164
  5 178
  5 186
  6 143
  6 144
  6 158
  6 159
  6 160
  6 172
  6 173
  6 223
  6 224
  6 225
  7 191
  7 193
  7 194
  8 123
  8 138
  8 139
  8 227
  8 228
  8 229
  8 231
  8 232
  8 233
  8 235
  8 236
  8 237
  9 165
  9 179
  9 187
 10 207
 10 208
 10 210
 10 239
 10 240
 10 241
 10 243
 10 244
 10 245
 11 207
 11 209
 11 210
 11 239
 11 240
 11 242
 11 247
 11 248
 11 249
 12 243
 12 244
 12 246
 12 251
 12 252
 12 253
 12 255
 12 256
 12 257
 13 239
 13 241
 13 242
 13 243
 13 245
 13 246
 13 247
 13 248
 13 250
 13 251
 13 252
 13 254
 13 259
 13 260
 13 261
 13 263
 13 264
 13 265
 14 267
 14 268
 14 269
 14 271
 14 272
 14 273
 14 275
 