35 47 24
46 60 59
25 24 17
91 76 92
76 61 62
34 45 33
95 79 96
173 172 158
152 151 136
80 81 111
95 109 79
65 66 80
28 19 13
14 29 28
19 18 12
56 43 57
48 62 61
63 50 78
93 77 94
62 63 77
37 38 49
39 27 40
64 51 52
49 62 48
140 158 156
79 65 80
108 93 94
77 63 94
121 92 107
76 75 61
121 106 92
105 74 90
119 104 89
105 89 74
122 137 121
92 77 93
123 139 138
123 107 108
136 151 135
47 34 24
103 88 89
127 112 113
187 179 165
128 127 114
99 116 114
171 188 182
170 8 141
124 156 139
141 139 156
80 111 96
127 113 114
98 83 100
186 177 164
132 148 147
193 7 194
140 156 110
111 81 112
144 160 159
183 157 172
147 146 132
176 175 162
115 161 129
99 114 113
175 161 162
128 143 127
112 97 113
130 116 117
30 29 21
53 54 68
70 71 100
67 82 81
42 41 29
126 111 112
82 67 68
65 64 1
20 13 11
19 54 40
28 13 20
148 164 177
59 45 46
34 47 46
34 46 45
75 90 60
61 75 47
60 74 73
48 61 35
75 46 47
17 34 33
24 26 35
17 24 34
17 0 25
26 24 25
48 36 37
35 26 36
36 48 35
37 49 48
51 50 38
78 79 109
65 79 64
50 64 78
52 1 64
49 50 63
51 64 50
50 49 38
63 62 49
35 61 47
62 77 76
92 76 77
91 75 76
109 108 94
107 92 93
63 78 94
64 79 78
107 93 108
94 78 109
125 110 96
125 142 140
110 95 96
110 156 124
95 124 109
95 110 124
124 108 109
124 139 123
138 153 122
120 105 106
106 105 90
89 88 74
92 106 91
137 152 136
91 90 75
91 106 90
75 60 46
90 74 60
165 149 150
60 73 59
74 88 73
119 89 105
134 150 133
133 118 134
104 118 103
89 104 103
119 136 135
120 136 119
166 167 181
105 120 119
106 121 120
120 137 136
171 157 183
135 151 166
134 135 150
104 119 135
104 134 118
104 135 134
149 133 150
165 179 149
9 179 187
165 181 180
151 152 168
165 166 181
182 170 157
166 165 150
180 187 165
151 168 167
155 138 8
135 166 150
151 167 166
8 139 141
152 169 168
154 153 155
171 189 188
192 193 191
189 191 188
193 194 191
190 189 183
192 191 189
157 171 182
183 189 171
184 172 6
157 141 158
158 141 156
157 170 141
138 139 8
153 152 137
169 152 154
121 137 120
121 107 122
155 153 138
154 152 153
123 122 107
153 137 122
122 123 138
108 124 123
173 158 140
172 157 158
79 80 96
66 81 80
98 97 83
112 81 97
100 83 70
97 81 82
85 4 100
113 97 98
128 159 143
126 112 127
173 143 159
142 126 143
143 126 127
142 125 126
125 111 126
125 96 111
125 140 110
173 6 172
142 173 140
142 143 173
174 160 144
6 173 159
183 184 190
183 172 184
189 190 192
160 6 159
175 174 161
129 144 128
161 174 144
116 129 114
161 144 129
129 128 114
144 159 128
146 162 145
163 176 162
147 185 163
185 176 163
178 186 164
178 5 186
147 148 177
147 177 185
163 146 147
132 146 131
163 162 146
146 145 131
162 161 115
117 116 99
145 115 116
116 115 129
145 162 115
98 4 113
4 117 99
113 4 99
98 100 4
130 145 116
131 145 130
100 71 85
86 102 101
72 87 102
44 58 87
72 44 87
57 22 31
22 43 30
71 70 56
70 84 55
102 86 72
22 30 15
86 56 57
70 55 56
71 86 101
57 72 86
86 71 56
101 85 71
83 84 70
67 81 66
83 82 84
83 97 82
53 67 66
68 84 82
53 1 39
66 65 1
53 39 40
1 53 66
40 54 53
53 68 67
54 69 68
42 69 41
84 68 69
56 55 43
84 69 55
29 41 28
69 54 41
54 19 41
40 27 18
19 40 18
10 13 12
13 19 12
11 10 2
11 13 10
14 28 20
41 19 28
21 29 14
42 55 69
31 23 44
32 58 44
15 30 21
43 55 42
72 57 31
57 43 22
30 42 29
30 43 42
72 31 44
22 15 16
58 32 3
23 31 16
44 23 32
31 22 16